4293.747449635995    3.499975310386149    0
-219.18659160952373    3.500438877473632    100
-278.39106617481843    3.502570491097795    200
-297.7196481338382    3.5057950362582777    300
-305.44600761424516    3.5077638409756857    400
-309.1435706181437    3.5070104096310297    500
-290.2170269611531    3.509261269575678    600
-296.39482003481413    3.5080847325306004    700
-289.482740091949    3.510651001014196    800
-309.9122934431207    3.513288717817386    900
-305.343722478604    3.513314453144571    1000
-310.5092451547848    3.516145936080846    1100
-316.37842675068936    3.514229993390574    1200
-306.9530326415779    3.51603592121249    1300
-315.02034665457836    3.5192858201662665    1400
-314.2552582682033    3.518864151982484    1500
-317.37737607871713    3.52053742626046    1600
-309.1882628054965    3.521134932017945    1700
-312.9742387533951    3.5239660678646008    1800
-318.898142454194    3.5255576068771064    1900
-305.03549890286797    3.527678888223277    2000
-303.5142067407482    3.5278240022826552    2100
-309.2374102013548    3.527636431831153    2200
-295.12467401089197    3.5260981229242834    2300
-306.6506872485934    3.525858952866009    2400
-304.3386613111108    3.52412194099099    2500
-327.18784884684777    3.521651415895648    2600
-315.2008423844088    3.5194771740110715    2700
-306.9811976072735    3.519179975820669    2800
-306.88021534965947    3.517174156612562    2900
-289.4411013823446    3.515033977041081    3000
-313.4355590223865    3.5164980922836384    3100
-298.9457956534586    3.515839748454838    3200
-319.6660210406672    3.5187362603805905    3300
-304.3448882314309    3.517878380842814    3400
-297.8292469875233    3.520571153006069    3500
-306.3967134282655    3.5228464585816806    3600
-312.4591474892744    3.5234730840676396    3700
-304.12287523676804    3.526823024777318    3800
-306.62239910320454    3.5276085780655686    3900
-312.19812943087777    3.526692444503319    4000
-329.6527398849943    3.5279992697658127    4100
-311.9129390747733    3.5278408095765004    4200
-306.7325779100435    3.5266363035085626    4300
-313.9248054317212    3.528079221144685    4400
-316.5195753087472    3.5270660944049275    4500
-318.96733907637594    3.5270502865105926    4600
-311.85689690724644    3.527539666269491    4700
-315.51383325658446    3.526628275802279    4800
-309.26870129227973    3.5244692587317252    4900
-327.54258439514183    3.525893322153773    5000
-298.81081241198746    3.5263418668897186    5100
-304.52586641510527    3.5286416431483905    5200
-316.3020388811485    3.5332248755862303    5300
-311.8607301828715    3.534867759557218    5400
-307.0546864360634    3.532346414697764    5500
-302.6879984033969    3.532750582170051    5600
-321.4096706103881    3.5337293899183333    5700
-316.4662034915721    3.530309329275863    5800
-309.3866772295127    3.5301341386866514    5900
-327.8176303300588    3.5269315484732973    6000
-320.37157493384706    3.530227492547324    6100
-322.96439714938396    3.533514107344354    6200
-307.41215236676516    3.5335816140302216    6300
-315.3646140008519    3.5341074097217753    6400
-309.3412201951826    3.5355414218321424    6500
-329.07330931123846    3.5353297386052547    6600
-333.8223056986518    3.534205715737498    6700
-320.71852887989576    3.53762442986689    6800
-315.2706103912687    3.5351831617184124    6900
-322.35671942923875    3.537429214553444    7000
-318.84721675404546    3.536250052804973    7100
-320.6985213406985    3.535423128752311    7200
-329.5536274526331    3.5386259452615714    7300
-312.728599985153    3.5386485652600674    7400
-324.58916136442355    3.542442805860419    7500
-311.75873038778326    3.543864089397438    7600
-335.107566353485    3.542612306283899    7700
-303.7348852991025    3.5419271275323596    7800
-332.3218586737796    3.543178078479818    7900
-334.1430541021038    3.5432411481090345    8000
-325.32410187025187    3.545929441354809    8100
-328.44496915276665    3.545128754522939    8200
-325.2870614344628    3.5465374252727826    8300
-330.1677333511253    3.547938135901803    8400
-331.85011727895136    3.5495451709478574    8500
-316.6301004926813    3.5522945647778092    8600
-325.58793679030964    3.551755594354048    8700
-316.6779462788452    3.5536132921847954    8800
-320.11267373842185    3.5541402159006084    8900
-324.3560504623878    3.553098767158126    9000
-328.96226686089796    3.5519053188541343    9100
-324.83254119791    3.551300526468099    9200
-320.7055032312248    3.551958844149796    9300
-335.65911137252175    3.5529605298374913    9400
-339.4888565849721    3.5522101140653435    9500
-324.24232659245104    3.553360947885601    9600
-320.91487337242563    3.554691992805933    9700
-336.7180742675186    3.557053918273323    9800
-341.90267981277856    3.554611968117145    9900
-343.1237835852692    3.5579480238300913    10000
-334.01069880021043    3.5631809422883003    10100
-333.0629755365627    3.5608796623878383    10200
-331.725269079118    3.56051994696765    10300
-328.3626495155392    3.558437785430025    10400
-323.7388696974569    3.5608105366763225    10500
-326.98227228942176    3.559348998388971    10600
-321.0178151006384    3.559678763065891    10700
-319.6821018650297    3.5619817429646417    10800
-335.1728755095048    3.563802315634546    10900
-334.77680645561855    3.5659383829423614    11000
-334.1017083662035    3.566737441046869    11100
-335.85256576310064    3.567600447893027    11200
-327.96880691087586    3.569069512869425    11300
-331.3751260234978    3.5682723426600242    11400
-333.64695805625183    3.567035653962179    11500
-316.647946714466    3.568163106345031    11600
-315.10902451015033    3.5694783257494564    11700
-314.1029719557808    3.569489496730678    11800
-325.05960662640047    3.5709265883366066    11900
-334.7080689807992    3.568866189676267    12000
-343.0671427125075    3.57043017955593    12100
-345.88439464730806    3.5717563061450552    12200
-331.7720206735437    3.573151508039078    12300
-340.137517513961    3.5763146690771594    12400
-329.9482002441336    3.5749118582248514    12500
-333.8501826145584    3.5756165527867636    12600
-338.7020956214945    3.5777613210986052    12700
-337.4279148116906    3.5731312416942775    12800
-345.9430136103274    3.576852139731109    12900
-330.19236282934    3.579640469895314    13000
-336.3674229554881    3.5788470155103758    13100
-330.1224790861519    3.5802214308034084    13200
-347.28952583630917    3.5812232213659465    13300
-330.2975918872542    3.583634598920405    13400
-337.1267380605897    3.5848588660248306    13500
-338.96988107794425    3.5861938475390978    13600
-330.68116400235346    3.584537153733579    13700
-342.0356509945831    3.582011640961657    13800
-336.519261947359    3.5828927445258847    13900
-341.6463000248456    3.581231683362846    14000
-347.99764932385125    3.5799705457390227    14100
-337.6856658337457    3.580741607844849    14200
-339.03075384640994    3.5785729970314413    14300
-345.12798891888957    3.5791287877473184    14400
-344.7749390750795    3.579711661990914    14500
-338.1096476786209    3.582199614291498    14600
-344.81062571946217    3.585029837212661    14700
-337.35060406989476    3.5861107817219167    14800
-337.6045390437922    3.588538670230341    14900
-340.8857865560557    3.5911802782496336    15000
-338.51531498930495    3.5918218239436768    15100
-344.80166028112075    3.5921260973696727    15200
-345.4534341535304    3.5915940566967803    15300
-339.23894709759986    3.5976386492263903    15400
-337.90064955681316    3.5982267332078735    15500
-333.21908874463594    3.5975717600410793    15600
-349.5471966257061    3.597966239504393    15700
-338.883763177258    3.5957732249044576    15800
-338.2492225035014    3.5961928508334546    15900
-338.10387572836606    3.5976032658148815    16000
-346.8960427109485    3.5968545027867527    16100
-339.8535387164803    3.5989037758598834    16200
-351.01154598148224    3.596072935089007    16300
-345.43620880187    3.595314679833803    16400
-355.4818447150428    3.594478372011433    16500
-336.7636415001335    3.5941086589071998    16600
-355.35742318183907    3.5949159505997645    16700
-352.29546639749174    3.5959056456527048    16800
-360.60969566796507    3.596965814054842    16900
-357.54920452860983    3.5955787996357556    17000
-360.40195862426145    3.596153049196506    17100
-364.6840339400334    3.596718277674496    17200
-363.84684803543746    3.59840759984974    17300
-364.46512229771594    3.5993507508449554    17400
-362.76799130809627    3.5997548736095593    17500
-369.44365883490457    3.596850355391173    17600
-362.67525183058837    3.5972181370672085    17700
-366.29259161098014    3.5959186868157316    17800
-363.01229105659036    3.5939734395643606    17900
-364.38217005639245    3.6006101181402763    18000
-364.4340837492143    3.597406455602756    18100
-368.69307413647005    3.5974761997581397    18200
-369.64781294959005    3.598196498229583    18300
-360.69675300807046    3.5978502141684086    18400
-365.6562369565776    3.6020086280325745    18500
-365.67520543419425    3.599563083567034    18600
-366.1431986305337    3.5999728248369967    18700
-366.2506825497876    3.6003476306471134    18800
-368.5299947067371    3.6000819727557287    18900
-359.97577440726786    3.6013227195965394    19000
-366.31760469825065    3.6035950056428026    19100
-369.01951715798594    3.601443608789132    19200
-365.072803347623    3.5996600407599755    19300
-362.1217300582124    3.601171618462267    19400
-366.1697690871232    3.60209227912428    19500
-365.120822765679    3.6034499542390583    19600
-358.0986704448347    3.6031001432977603    19700
-360.47646884170723    3.6080727746678383    19800
-363.44518715123183    3.610205768622791    19900
-358.54403369116045    3.6092001163975227    20000
-361.9416227335049    3.611343260344869    20100
-358.9923455992738    3.6132093455024923    20200
-358.27603332061045    3.6137341241582184    20300
-362.73454882252304    3.6156360046946556    20400
-359.0776451291254    3.615482464129775    20500
-364.17324989494085    3.6148266339992303    20600
-360.178561482589    3.613193562553595    20700
-363.6109823614913    3.6178773254076924    20800
-366.0262664965441    3.614354594476393    20900
-366.7113810663531    3.6133162986792984    21000
-363.1672015165508    3.6123453229457074    21100
-363.19985478815937    3.615008808432969    21200
-365.83592116070014    3.6152617224707626    21300
-364.2991987009145    3.616906044967842    21400
-364.89800801530373    3.6169996834903135    21500
-362.08124414799767    3.61401129709584    21600
-362.45341434907624    3.611693390377659    21700
-357.9802942961961    3.613894460251464    21800
-361.8971132546695    3.6165025333283944    21900
-358.3642595143166    3.615345535692783    22000
-355.26625773096555    3.616075700626067    22100
-354.84480728302304    3.6170631891405933    22200
-358.25139600489035    3.6171062334081387    22300
-357.6691301351881    3.620133793998006    22400
-358.43205677058495    3.619150444311819    22500
-358.91664896513845    3.617983529338226    22600
-354.8276883469353    3.619962459044993    22700
-358.3093330430474    3.62266384093269    22800
-355.5664341014076    3.6215202230555668    22900
-354.00855430482795    3.6183462917755356    23000
-352.9579316701164    3.6174211556411056    23100
-357.0659220360545    3.6144846529417056    23200
-360.7202132001032    3.6129760934756194    23300
-357.4130767225597    3.6150339818416475    23400
-355.50678366156274    3.61353468005845    23500
-362.4283475011936    3.6151354035544463    23600
-367.5908847879726    3.617668567021757    23700
-365.4459995286408    3.6190493795773717    23800
-365.7900024626721    3.6208985959179207    23900
-369.11782640014786    3.620289552694596    24000
-368.8004284250764    3.617189116974242    24100
-364.20127301137205    3.620554184407931    24200
-372.5772117761926    3.6220245627726153    24300
-371.10457752108795    3.6277245311806423    24400
-370.017525986934    3.6255091433820485    24500
-371.3804044471521    3.62694224508405    24600
-365.9448291785326    3.6241481981493395    24700
-362.43549574366824    3.6240231390117326    24800
-364.21341851800395    3.624261391986292    24900
-363.94303432630073    3.6256413149967703    25000
-367.9288776953772    3.6272577878182335    25100
-373.09275559917717    3.627108376673929    25200
-370.5786094079724    3.6256928012263594    25300
-365.12081392528324    3.6276322064613544    25400
-365.44036726742416    3.6262316640405134    25500
-368.22331336338215    3.6276252393939905    25600
-364.1599668720659    3.6295786591964343    25700
-370.9927127563331    3.628597471757094    25800
-368.7578366630593    3.6282152578611853    25900
-367.13143238871385    3.6292668695671866    26000
-363.21560719377726    3.630873886471265    26100
-365.55371415487576    3.632588547383042    26200
-363.37464783028815    3.6333327034030156    26300
-362.75013519629584    3.632142912533313    26400
-366.63790436000727    3.6313568024769562    26500
-363.3837823675895    3.630653981879406    26600
-365.0963947540259    3.631992619340445    26700
-361.6543604359368    3.6324738591807937    26800
-365.02009383020874    3.6350442999654837    26900
-364.96113807670207    3.634656246101834    27000
-368.6743086712652    3.6389067724308175    27100
-366.10522380418945    3.641398568680577    27200
-369.2183155939359    3.6400143965684775    27300
-367.01987722502867    3.6356543082123447    27400
-366.6659298681979    3.635891455331625    27500
-367.5922022367364    3.639036067481859    27600
-368.6053643065025    3.638784015446611    27700
-370.201247281401    3.638840180475619    27800
-368.91086218852706    3.634954077468458    27900
-371.0079975620428    3.634501011590027    28000
-364.27105628107853    3.637957067015166    28100
-366.1759416909715    3.637495094070801    28200
-368.39932141599905    3.6377401367193656    28300
-366.57783259724323    3.6386487824491587    28400
-364.49944872118755    3.637732383982928    28500
-366.9622163247887    3.63915672458018    28600
-364.56510719050925    3.640164202146423    28700
-369.11988655097997    3.6414964600164    28800
-368.46430884460864    3.640327396119035    28900
-367.8777869452978    3.644645088120233    29000
-371.2816344267667    3.6456009513537784    29100
-369.3389857873492    3.647439611009331    29200
-371.5420114147522    3.647106747494383    29300
-367.9553579222727    3.645475893697026    29400
-368.1098350393255    3.64543754666222    29500
-367.8392636087672    3.6462809521101933    29600
-370.0277541136355    3.6497301405967266    29700
-371.5431313278261    3.6486037570826335    29800
-370.66217931316544    3.6482764828707817    29900
-367.40269131265217    3.6526406963583113    30000
-369.51733813128345    3.651878874897062    30100
-368.38234398999316    3.6513616597714793    30200
-367.13130189144425    3.654304238346133    30300
-368.3236198219147    3.6551082008411333    30400
-371.68377905878066    3.657238741003112    30500
-369.3665738595366    3.659447147854755    30600
-368.99345222003234    3.6586198028208727    30700
-370.08306700460145    3.6567516631106245    30800
-371.05037441359394    3.6543820097685034    30900
-370.1872149834472    3.6563629634193004    31000
-369.2337583861805    3.652208414572219    31100
-367.9555104294579    3.652123768206539    31200
-371.08178785488343    3.6542618136762064    31300
-367.537924910435    3.65471599075882    31400
-369.0260062826023    3.655542011782786    31500
-364.21528052633414    3.655180399639778    31600
-366.5068782019211    3.654155189902328    31700
-367.84761070386213    3.655305652587917    31800
-371.6640143665632    3.652693993253812    31900
-370.37727812847737    3.6484911746407103    32000
-367.4635844859452    3.651292793157281    32100
-369.6461647311271    3.6522991424148996    32200
-369.7064874619993    3.6511691395633235    32300
-367.6742925213824    3.6552429463377933    32400
-367.01696813841403    3.6586811912448076    32500
-370.1799268927291    3.660395889733577    32600
-370.53256569053536    3.6630886952675845    32700
-368.86832051387705    3.6618540970899365    32800
-370.9575512414887    3.662598803414417    32900
-371.09251154157835    3.662572882128664    33000
-371.10790287881576    3.6651865915801243    33100
-368.7064338293784    3.6654403685078947    33200
-370.09807258249214    3.6634512387557243    33300
-370.7672910355719    3.659658636899327    33400
-371.1736535284781    3.6623024614325552    33500
-371.4224916267061    3.662391711899766    33600
-372.61246272911444    3.6647682013887506    33700
-367.1989775246829    3.6651368702569633    33800
-367.7589331482888    3.66520690255369    33900
-369.99041421121285    3.6639448354201525    34000
-367.76412096225977    3.6623997871940284    34100
-369.0297319847189    3.6621775178769047    34200
-370.49374715736604    3.6618224837596345    34300
-368.84560314938693    3.6670091505181    34400
-365.2976951750958    3.665666062563032    34500
-366.39290273213703    3.6651565364905156    34600
-364.5974110074472    3.6654541446214712    34700
-365.32299983431056    3.6675446185111054    34800
-366.50861960207925    3.6660453685469636    34900
-366.38121755606284    3.6659712803668327    35000
-365.45705646618933    3.671783721157057    35100
-363.23234586809275    3.672713876607692    35200
-368.04787682132576    3.673975042522435    35300
-366.35605225001706    3.6740911443586826    35400
-366.0305248035473    3.6729714912470306    35500
-367.85618769764625    3.6736944123433584    35600
-366.14223516783227    3.671823041870575    35700
-365.00346855944366    3.6710806722412843    35800
-365.1421778993631    3.6704871381300928    35900
-365.4757840683282    3.6678091224456018    36000
-367.2024870151301    3.6718089380227275    36100
-369.40170610943443    3.670113254998156    36200
-370.40755665801106    3.6732230784586957    36300
-369.21691733929083    3.6757362131502775    36400
-368.28759965880914    3.6780055696053084    36500
-366.985435324584    3.678906695322698    36600
-367.2927148657194    3.6817492639000644    36700
-368.07658002028927    3.6800629263513045    36800
-365.8265318047691    3.6797670508544273    36900
-366.4561641648489    3.683320416546815    37000
-367.39120062987877    3.680388961577994    37100
-366.7872641505997    3.6834197750602806    37200
-369.6336643883716    3.6823305509141457    37300
-367.3952095849242    3.6808034412603643    37400
-367.086203730155    3.677660066521089    37500
-367.0150131913264    3.676148558033376    37600
-371.03993807714323    3.6717111496836545    37700
-371.6473451922793    3.6706327235350686    37800
-371.0895875352633    3.672056088954437    37900
-371.1670849808503    3.669304426425157    38000
-370.7043098760709    3.6729670101101854    38100
-372.0370621156703    3.671215615290779    38200
-372.5414715365202    3.668624558838825    38300
-371.9741237497446    3.663556626588201    38400
-373.03936681453035    3.6642295831216534    38500
-371.6041822714809    3.6626693274604305    38600
-371.73883555197114    3.6628515926357026    38700
-371.6141878388998    3.664304534192088    38800
-369.26557648936495    3.6658944423373145    38900
-370.0858087839663    3.6684928276434023    39000
-369.08818906405327    3.6684194660724714    39100
-369.63576902247553    3.668455938148311    39200
-370.58174570973614    3.667944943290405    39300
-372.5613069374545    3.668812455821291    39400
-367.404400096442    3.6712039090687725    39500
-369.96709100207926    3.6708946843600727    39600
-368.612207424388    3.66833116095269    39700
-367.87456257245225    3.6663160435942697    39800
-366.54216813991405    3.6645279731089158    39900
-368.1361325568612    3.6638329626475845    40000
-368.9684639889699    3.6635911237091396    40100
-368.35571285418797    3.6658461484944413    40200
-370.4183018983249    3.663520397413216    40300
-370.6612144510841    3.6655857567778396    40400
-370.8223625138826    3.6654275060088297    40500
-372.37265334780915    3.6662023330538003    40600
-370.71076390149545    3.6644962079612378    40700
-371.57026637993044    3.666173235174312    40800
-371.4685699270792    3.6656218047102676    40900
-371.700638438646    3.665034766521406    41000
-371.7601737142985    3.666777612026282    41100
-370.54992741874787    3.6683019939430683    41200
-371.0573214475428    3.6702764398158285    41300
-369.1111715082805    3.6730637685567404    41400
-369.7801327644901    3.6737717965430203    41500
-369.27705525774513    3.6754331648046277    41600
-369.9362539326356    3.674124982836998    41700
-369.94458000730356    3.669475349482741    41800
-369.0039389732309    3.668385878032553    41900
-368.45082187779207    3.6711011667185596    42000
-369.74339544244583    3.6719039102581963    42100
-369.6188252811285    3.67209817493898    42200
-369.4697333652639    3.666219220869168    42300
-368.9601135732238    3.6664660263083544    42400
-369.5229479621266    3.666657625925522    42500
-371.46863361339865    3.666038685979559    42600
-370.19301395916085    3.6661988993341317    42700
-370.4545871289013    3.667741563612709    42800
-371.1497092214131    3.66932487381632    42900
-370.2706687937382    3.6707580789499095    43000
-369.7712268182424    3.6758775616679533    43100
-369.6508766156073    3.679554294164431    43200
-370.57889029340254    3.6772872737546805    43300
-371.1257914471582    3.6782147808553542    43400
-369.6408648545064    3.6773420994752786    43500
-370.459373673267    3.675698479499688    43600
-368.81583258675204    3.6745288532644382    43700
-372.418985123677    3.673714011977574    43800
-372.6049648742209    3.6709766926139364    43900
-372.8889115266496    3.670689452173708    44000
-371.32301073531426    3.671363484803848    44100
-370.9201626044813    3.6709982488489907    44200
-371.5860608316555    3.671543587851597    44300
-371.2409513634808    3.673945349625636    44400
-372.09406609752375    3.675138382369078    44500
-370.03539437152506    3.671951942468096    44600
-370.2979153723752    3.671286628534202    44700
-370.7324420574178    3.6698310301929835    44800
-371.2315919870857    3.6699006523811177    44900
-371.4955094983725    3.670075274378827    45000
-372.53155473657796    3.673141927889894    45100
-372.5580969850738    3.673970005401246    45200
-372.7336334956587    3.674525594103523    45300
-372.1935190660772    3.6750162498787615    45400
-372.16355639027006    3.6777157742430657    45500
-372.38030568182654    3.6778049647372493    45600
-372.5100793748849    3.6785817738816147    45700
-372.59720645693017    3.680247734195546    45800
-372.2409771246388    3.6757316894789946    45900
-372.3162608598278    3.6737655754444547    46000
-372.56586691131037    3.673709510793709    46100
-372.5211734484523    3.6742781211700044    46200
-372.24209718597956    3.679997324604455    46300
-372.11411523384663    3.6807014956712583    46400
-372.58771731882456    3.682654674926523    46500
-373.41320214833627    3.681898640573159    46600
-372.7076079505307    3.6777207264720753    46700
-373.14037330956586    3.678790487054708    46800
-373.00039454589734    3.68011149770436    46900
-372.3219406567432    3.6783701797572275    47000
-372.58787176712076    3.6800954736067744    47100
-372.65007222371355    3.6798414687085166    47200
-372.6359972552154    3.6787892469323347    47300
-372.8282396761205    3.681104379903144    47400
-373.1974640690315    3.685302624379818    47500
-371.86863808796096    3.6835557375734926    47600
-371.63946403692705    3.6857179480404136    47700
-372.0133467338855    3.6830557977753084    47800
-371.8875867371833    3.683570752389883    47900
-371.97849455471544    3.6811954391234614    48000
-371.4065949605536    3.6807225837437065    48100
-370.7740107058084    3.679611196073821    48200
-371.4056000581867    3.674118494833587    48300
-370.24884638171295    3.673814279935037    48400
-371.2686514112911    3.6757666566059526    48500
-370.61405592202277    3.6733515659823723    48600
-368.9274301926751    3.6721807974143306    48700
-369.9668383285177    3.6716108019513936    48800
-370.78184726809934    3.6734184733022404    48900
-370.8198851692198    3.6750625351290678    49000
-373.20378058271507    3.6725773452981922    49100
-371.2841610217403    3.670905013394766    49200
-372.0592477601794    3.671352196939679    49300
-372.33047491809305    3.67538668908081    49400
-371.9159509220907    3.6739250926042613    49500
-372.04915773169876    3.675252349262172    49600
-371.7835944566878    3.673538754078877    49700
-371.7607692439948    3.673269225320425    49800
-368.8346802260735    3.673788682004015    49900
-370.1156928907088    3.673689288788117    50000
-371.8380569376233    3.6769606969557143    50100
-370.959662040691    3.6772097433876536    50200
-371.8495907124201    3.6763623192709622    50300
-371.65826792376663    3.6751464049933507    50400
-371.6990860156814    3.6759198876150156    50500
-371.887097737588    3.6766613200762333    50600
-371.51030336971866    3.6797840069456584    50700
-371.63746636439697    3.6778666123973855    50800
-371.55378518310687    3.680207292647353    50900
-371.9190289436403    3.679662560995203    51000
-371.587863164569    3.678058615193208    51100
-372.4546178480745    3.6811370041514255    51200
-371.9831447415188    3.681618801691047    51300
-370.4844340709804    3.6817733460795226    51400
-371.51070921711465    3.6796198740604695    51500
-371.50409171307547    3.679668832858647    51600
-371.5593611203871    3.681949547522795    51700
-372.0036131826425    3.6801961279722244    51800
-371.71732175350394    3.6795336791553006    51900
-370.9589077914306    3.679109196269963    52000
-369.6803856888321    3.6810119363740923    52100
-369.282778205936    3.6822092365135055    52200
-370.0096742175819    3.6834113884371864    52300
-370.36035415790104    3.6860570227171072    52400
-370.7624232511263    3.686350738501233    52500
-370.30942849791126    3.687997532162071    52600
-370.7253791112446    3.689257401995704    52700
-370.3394419269931    3.6914091075031332    52800
-370.76947338028344    3.6908079575489867    52900
-371.4575784534765    3.6916380460333027    53000
-371.5054255764773    3.691878999655205    53100
-369.61724684015405    3.6933452776400855    53200
-370.1163263601403    3.6943679634067244    53300
-369.2393844392839    3.691963246230753    53400
-370.3748753556136    3.690154397235671    53500
-369.97888127079534    3.691087874658159    53600
-368.6905215152344    3.6943411222243214    53700
-369.46765086408203    3.690726957644904    53800
-369.93348670813623    3.686105406222414    53900
-369.9145919395497    3.685139977912068    54000
-369.5649761056215    3.6837554044691214    54100
-368.9295348494046    3.6837780782741976    54200
-368.1473719816057    3.6810440326620855    54300
-368.88877885785655    3.6794335744519544    54400
-370.97968514010205    3.677736753545993    54500
-372.26817108476985    3.6762898048884907    54600
-372.10600593560633    3.674069778903665    54700
-372.4674572906913    3.6705717252784655    54800
-371.61939448176577    3.6676725616996824    54900
-372.31895799770655    3.66969602394243    55000
-371.94904715327664    3.6702017051885965    55100
-372.74921345787834    3.6731230742978846    55200
-372.3387970959827    3.6718294740011768    55300
-372.72572133582963    3.668816720382244    55400
-371.906203667558    3.666029981286083    55500
-372.53798625285765    3.664720876115851    55600
-372.3866400582501    3.6675556158559055    55700
-372.75109251991375    3.6648844871364648    55800
-372.9512769851965    3.6644098775248906    55900
-372.7258457831995    3.662684860838164    56000
-373.02825531336117    3.6611696473338786    56100
-372.17925227979447    3.664329638550884    56200
-372.32487174224633    3.66317307109056    56300
-372.1446740149178    3.659601903490111    56400
-372.764068172642    3.6600874361849707    56500
-372.40055518376647    3.6602977616235055    56600
-372.1730679973833    3.6594739083930796    56700
-372.64012537024223    3.659183080457111    56800
-372.96547463067344    3.6573720169148674    56900
-372.8433566950965    3.6572593487118206    57000
-372.350058301477    3.656847867656429    57100
-372.5374229673147    3.6611815407409996    57200
-372.70145350034795    3.6616999117650706    57300
-372.5675818191359    3.666520243928953    57400
-372.0802881758701    3.668440709840146    57500
-371.96284250116673    3.6635772754156744    57600
-371.5292727785371    3.664500399737139    57700
-372.34347416896884    3.659616294662924    57800
-372.9654607070496    3.6611179511658087    57900
-372.82038888772547    3.661329496774155    58000
-372.7156298772825    3.6596191305760937    58100
-373.08484266022174    3.6608440059603473    58200
-372.8875613281003    3.662576896738764    58300
-372.71970810912325    3.663039722413059    58400
-371.6881449128013    3.6672718278975354    58500
-373.12548418658866    3.6624896295802114    58600
-372.97479795689713    3.657987495171798    58700
-372.8590879346629    3.659398881712257    58800
-373.02682723506126    3.6609708844995565    58900
-372.63302457510576    3.66201617951597    59000
-372.94121693525506    3.6597668799277923    59100
-372.7760118685866    3.663402252797426    59200
-372.62016680970595    3.6633590750560914    59300
-371.9311597636239    3.667867229965181    59400
-372.4760131284634    3.6689604943080454    59500
-372.62599635148985    3.672264715829751    59600
-371.9584786877518    3.6701967128282504    59700
-372.7582072017613    3.667267945477087    59800
-372.51049354389335    3.6658688253335057    59900
-372.9829787852832    3.6657342085784284    60000
-372.99769158210285    3.667016185042387    60100
-373.0352117110632    3.6678554209570677    60200
-372.51034390176324    3.6668558547997927    60300
-372.88860393097013    3.6673062066468463    60400
-373.1285003366378    3.665309339664692    60500
-372.4100696722519    3.666300707677256    60600
-372.4615426604352    3.6667974293023464    60700
-372.96923796947846    3.670268950984032    60800
-372.737536417378    3.6722376879043623    60900
-372.17960487127584    3.672386764888597    61000
-372.73638610273866    3.6752788687791766    61100
-372.68803703029465    3.675458020046821    61200
-372.6047484509854    3.676629785889842    61300
-372.68531312494986    3.679435016244973    61400
-372.9120329471933    3.682133529770801    61500
-372.3859887906955    3.6835787007530194    61600
-372.30732195409456    3.6840262269805755    61700
-372.6134443905282    3.687749250039729    61800
-372.43172019937566    3.6851594494709774    61900
-372.59978841325074    3.6830168513205193    62000
-372.46031120020655    3.681095825447739    62100
-372.56601277186724    3.6841758811398373    62200
-372.49502935636076    3.6818099565237015    62300
-372.76031624190495    3.6812656942885487    62400
-372.8751340996819    3.677755779122244    62500
-372.7950817489761    3.6760604547824376    62600
-372.6391099681177    3.676803615473155    62700
-372.5715045295331    3.6765591158406683    62800
-372.75782102044315    3.6789679789082776    62900
-372.3984022674648    3.6787217663949385    63000
-372.728040074168    3.676851191673742    63100
-373.23049213631174    3.6740693000650615    63200
-373.0327378596397    3.6730499685878204    63300
-373.1884554296981    3.6723623216913213    63400
-372.9512363124766    3.672064812964638    63500
-372.78582613198455    3.67158040169161    63600
-372.8071622771312    3.670943994323699    63700
-372.6423053292559    3.674118338569078    63800
-372.99171330805865    3.6745097903941977    63900
-373.2566191148779    3.6765104383742835    64000
-373.08709356073535    3.6734464408511753    64100
-372.92525894914775    3.6756680284286163    64200
-373.4012316682565    3.6742012394904524    64300
-373.06442171369685    3.6727047228299807    64400
-372.9774948765251    3.6726136994723073    64500
-372.5839903322847    3.671193012820019    64600
-373.2319233303256    3.6735849589920093    64700
-373.08021070201454    3.675852933029546    64800
-373.0458054540472    3.674721303232317    64900
-372.95031448798034    3.6764818627872144    65000
-373.01480696648537    3.673863588287826    65100
-373.401424982711    3.6750113122459593    65200
-372.737799756048    3.6731598744931024    65300
-373.3568664249599    3.6716972852908003    65400
-372.8101106227833    3.6719225899845247    65500
-372.9844960178231    3.672709643507316    65600
-372.2277710193769    3.672090455907221    65700
-372.9038758119291    3.6784518687451935    65800
-372.86185055750593    3.6763832540781975    65900
-372.80401296728184    3.6752323155083606    66000
-372.06767999410744    3.6740910065750243    66100
-372.5397311038485    3.6751808219927495    66200
-372.7293078901017    3.673738938182288    66300
-372.90498674546706    3.6697157289859565    66400
-373.51964528829694    3.6692673259777275    66500
-373.0961439569599    3.6671548360665445    66600
-372.8464618380121    3.6637784546689662    66700
-372.977323158754    3.663626729295016    66800
-373.1853730677745    3.661360240061479    66900
-373.1786865362637    3.6609407157645726    67000
-373.0848735523685    3.6574531817734717    67100
-372.56747839677837    3.6580010884751166    67200
-372.9299083081512    3.6587096236969807    67300
-372.7598489402736    3.65780521103045    67400
-373.0976402601718    3.6575122539234153    67500
-372.9736715752621    3.658727674091766    67600
-373.2548748912922    3.661134327468894    67700
-372.9051170153679    3.6627520536473868    67800
-372.83849329179804    3.661470848560865    67900
-372.982055452065    3.661860011498418    68000
-373.0920849707804    3.6619688412563027    68100
-372.76966326267654    3.6619450630264763    68200
-373.1551726341823    3.663327456587206    68300
-372.92256387505336    3.664639701196603    68400
-372.67111835445064    3.668043897075022    68500
-373.0219768064866    3.6713816025446295    68600
-372.75460347350713    3.6705607975613415    68700
-372.90611718233794    3.6728763119814056    68800
-373.126511501388    3.6695067085630186    68900
-373.5222561180016    3.6682448149879763    69000
-372.9365955730892    3.666128484897252    69100
-373.5055844754252    3.6645692982622013    69200
-373.2415524280692    3.6659921927463186    69300
-372.6783551495884    3.6642115875484005    69400
-373.00807498995175    3.6637012813081222    69500
-372.82090580385835    3.667194102449838    69600
-372.98305150595246    3.6643144632537243    69700
-373.0193018759369    3.6662259416912026    69800
-373.052467445336    3.66896340182686    69900
-372.8978947269215    3.668952541381505    70000
-372.48849251416163    3.669562670205781    70100
-372.693916345214    3.669011205110412    70200
-373.1830364301824    3.66518348120607    70300
-373.2981181729071    3.6653830055127563    70400
-372.8599642075883    3.664902867183703    70500
-373.1574412691138    3.6638601648884523    70600
-372.40057307618866    3.663796305610772    70700
-372.701635818806    3.6655042993096925    70800
-372.63491861254346    3.664965678395879    70900
-372.79321725269136    3.663943336975133    71000
-372.9588891818063    3.665101907181541    71100
-372.62280365954865    3.665217540710944    71200
-372.62742802901397    3.6650678613238195    71300
-373.16066174221766    3.6641059222662125    71400
-372.9744648415596    3.661757777508168    71500
-373.0732874845021    3.664054053547169    71600
-372.91503771520684    3.664726910611862    71700
-372.9106783437566    3.666827557611792    71800
-373.0679115556373    3.669721617870418    71900
-372.38890547442526    3.6702322801197154    72000
-373.06562234008595    3.666900138180088    72100
-372.7521619122612    3.6740860389939582    72200
-373.2219237887905    3.6731601815044406    72300
-372.8500325133998    3.6734949317870895    72400
-373.20830337797537    3.672979490376412    72500
-373.04363431024154    3.6713763643573376    72600
-373.0391348154741    3.6706028811209825    72700
-372.62915250467375    3.6711712081192163    72800
-372.948889320573    3.6700632117916796    72900
-373.29981147653774    3.667120340437123    73000
-373.2035733354909    3.6649825406804135    73100
-373.5873104314268    3.6666580159771884    73200
-373.0059976498897    3.6669237576279174    73300
-373.71409346723584    3.6682673687419336    73400
-373.1211212397766    3.668945841366445    73500
-373.2009655680148    3.6671907748369827    73600
-372.86837607811697    3.666532642481082    73700
-373.3859841618531    3.666749005921505    73800
-373.35237441651697    3.6632104123970164    73900
-373.07679392732865    3.663640961484752    74000
-373.54704539558105    3.659935453868625    74100
-373.34915217506176    3.6592037926434107    74200
-373.121785142463    3.662431834191189    74300
-373.0481744542087    3.665229310159382    74400
-373.34438213001346    3.6652362288855524    74500
-373.3146475564008    3.6646817324538246    74600
-373.2107108928984    3.6654662202070214    74700
-373.1555001655381    3.6662140727362695    74800
-373.10357215042575    3.668414715821005    74900
-373.130183436148    3.6681837237557042    75000
-372.84641503298457    3.6687758405002504    75100
-373.3259641581133    3.665182012759533    75200
-373.65673317599544    3.6628616037952857    75300
-373.43697001386516    3.661054567294939    75400
-373.4500466005057    3.6588957471111874    75500
-373.4610096634547    3.658783256854124    75600
-372.94528746378495    3.6601152539194235    75700
-373.29268688192826    3.6608887971147146    75800
-373.56877182980696    3.660056394786572    75900
-373.33915909430345    3.661131087717708    76000
-373.45704270446043    3.66257553190104    76100
-373.04379914093727    3.664337384343406    76200
-373.4391256153961    3.6640527470702318    76300
-373.15136037886225    3.668420965468354    76400
-373.161806105868    3.6700205847713914    76500
-372.60977523099297    3.6719241012031323    76600
-373.3446343567674    3.67298303704244    76700
-373.1685218763339    3.672018895936072    76800
-373.27410381668835    3.6724365566288872    76900
-373.4111489778427    3.668667705721851    77000
-373.5939950639896    3.6727620671504506    77100
-373.122726446711    3.676561933075478    77200
-373.0624071520869    3.6748849405630266    77300
-373.4614425358019    3.6738539967514794    77400
-373.39039990543233    3.6713563424558417    77500
-373.3346728029978    3.66821601689303    77600
-373.33549284187745    3.664864566580703    77700
-373.0028049671411    3.665596864382348    77800
-373.321638274264    3.6694428260746816    77900
-373.1092876424361    3.671446399101199    78000
-372.73506643690195    3.671324499050468    78100
-373.25762584465735    3.6728705293330033    78200
-373.39614105821073    3.6706561778576114    78300
-373.23791740973525    3.669617383607706    78400
-373.2815156520994    3.6684883002090563    78500
-373.3954540954705    3.665612094694027    78600
-373.0879984558639    3.668316135342603    78700
-373.39274521951376    3.667916778152546    78800
-373.5475037533423    3.666632633610062    78900
-373.1304126845926    3.663142006230281    79000
-373.5150901248126    3.663636356010455    79100
-373.2246939026843    3.6628081124285843    79200
-373.2382402943512    3.664987195388763    79300
-373.72195215191397    3.667231116513196    79400
-373.54267790881454    3.668044164347007    79500
-373.52320925054465    3.6680935874997553    79600
-373.4726679843569    3.667395167278182    79700
-373.79410499622395    3.6649634960581667    79800
-373.77782857351195    3.665098074384203    79900
-373.62511826894576    3.6627370155433976    80000
-373.2637456880675    3.6631395765245363    80100
-373.3921321939857    3.66204726685553    80200
-373.8061331596652    3.6628668844969696    80300
-373.59397896273083    3.6622409922126087    80400
-372.9103626042791    3.659482698409089    80500
-373.2102863528063    3.6604828191626524    80600
-373.49729615691774    3.65822969582242    80700
-373.3517863877927    3.65455178308669    80800
-373.6097254670105    3.6550631673614835    80900
-373.4143292487444    3.6517866193681714    81000
-373.5620796277397    3.6534927427039308    81100
-373.66657667588044    3.6517275822035207    81200
-373.70750268634924    3.647675188243617    81300
-373.611416487067    3.643543898143826    81400
-373.75181211820603    3.6429340833347936    81500
-373.4659023126967    3.6450210582814537    81600
-373.7614537575328    3.6474291440308595    81700
-373.39354623984445    3.648030994346653    81800
-373.5003324359107    3.6465963182688346    81900
-373.77515848491555    3.648530525909451    82000
-373.5116496554163    3.648551420019984    82100
-373.64321557444015    3.6495819043669218    82200
-373.59795469271546    3.6533526758073305    82300
-373.17097352821736    3.655588985181929    82400
-373.6122265113525    3.654486797962455    82500
-373.6712857285842    3.6546518993341475    82600
-373.59992145858547    3.657817272799634    82700
-373.4320329747451    3.658159508807417    82800
-373.57771480782304    3.6601437195665194    82900
-373.6119585862283    3.6609167450263334    83000
-373.50464628557296    3.6606109894184953    83100
-373.52090203651085    3.662794753131236    83200
-373.55316151832506    3.659419012557441    83300
-373.57670673080054    3.659890312227615    83400
-373.51603235994475    3.660649701214072    83500
-373.75163403246785    3.6622114196118982    83600
-373.5870523129354    3.6635686968939023    83700
-373.6348123936281    3.6630448358044947    83800
-373.4669100650275    3.6657065695425217    83900
-373.5967255973637    3.6630040325447344    84000
-373.6769828734017    3.657996501964455    84100
-373.67966451256814    3.660914691883549    84200
-373.5068937288702    3.6655612447238584    84300
-373.7770876571194    3.6662316489311704    84400
-373.60650531669773    3.6657789846445614    84500
-373.43687118672636    3.6695765756676435    84600
-373.4634934060837    3.6707032304768745    84700
-373.5331639193028    3.6718703559784966    84800
-373.55981994506436    3.6734058145375497    84900
-373.45024114383193    3.672466982509776    85000
-373.24133560576433    3.6699929072661464    85100
-373.30874188292046    3.6687860224860795    85200
-373.34312244104524    3.670445952537938    85300
-373.27142272824045    3.6678982719967697    85400
-373.23659490584964    3.6663659434466775    85500
-373.24080339476234    3.666611605504744    85600
-373.5103374111656    3.6680333554315174    85700
-373.33106772101723    3.665788558666868    85800
-373.1931198729338    3.6660636281610004    85900
-373.27239383628273    3.6652304727295326    86000
-373.42897661505475    3.6622514569879483    86100
-373.23506308882    3.6631878276120577    86200
-373.5407715086692    3.6659688669965624    86300
-373.0513756908094    3.6673455273800784    86400
-373.4348267926757    3.6643480090981817    86500
-373.2914236209612    3.661445252144928    86600
-373.4654450903362    3.6597642400334314    86700
-373.25640441358536    3.657630803933501    86800
-373.6073160301453    3.653371445264823    86900
-373.56284995625776    3.653129082419393    87000
-373.72828219032624    3.6523939019500986    87100
-373.593273959391    3.6527896525456645    87200
-373.5027510649815    3.6536234213414316    87300
-373.6416679405241    3.6563941823095134    87400
-373.4446622753391    3.6550221820225897    87500
-373.5573314094701    3.658730705142802    87600
-373.642486252853    3.6582655353015943    87700
-373.94550736269014    3.6628764326749206    87800
-373.25206064957916    3.6600785215054743    87900
-373.737955770619    3.6591758690330676    88000
-373.6715116819574    3.6569684785844037    88100
-373.289476092069    3.6583188540133795    88200
-373.05266809843766    3.6607446214624915    88300
-373.4047787074096    3.6608184233823646    88400
-373.5617256671131    3.6592759140587767    88500
-373.3838148223076    3.6571378376471557    88600
-373.6758161756213    3.6599727834568228    88700
-373.6309114423766    3.6606822000038335    88800
-373.4447434379933    3.6607251344241183    88900
-373.67937627682426    3.658608114076469    89000
-373.38670559525144    3.6607475192943357    89100
-373.44253649004423    3.6631335129756537    89200
-373.48587326030844    3.662986055016267    89300
-373.33646551555967    3.66044478732582    89400
-373.33937186292746    3.6561431212929048    89500
-373.5675194306822    3.6552280828338506    89600
-373.5978868630067    3.6546574841758988    89700
-373.5530734744986    3.655772414022977    89800
-373.4823564618598    3.6525120144803878    89900
-373.51852551827096    3.6546408676594284    90000
-373.6761383119785    3.654405507499584    90100
-373.8618658197078    3.6544619232767945    90200
-373.825680216039    3.6540053536988557    90300
-373.8327640031163    3.6546402909972184    90400
-373.7450181371661    3.652903514768587    90500
-373.83629513617893    3.6546602838847018    90600
-373.8308969617774    3.6577666924985146    90700
-373.47063350103224    3.6594175997858844    90800
-373.5390907448612    3.6609367343389136    90900
-373.69043079472743    3.661878768017063    91000
-373.5335135112704    3.6606111330346964    91100
-373.81161365568994    3.660653713641146    91200
-373.8825250325486    3.6597108045305444    91300
-373.5923182617174    3.6628484482294987    91400
-373.24420914818216    3.660662938166611    91500
-373.3371456975874    3.6575773601676    91600
-373.89769611264893    3.6582675926039654    91700
-373.68314916791763    3.6563429896298074    91800
-373.83360786097006    3.6571830464105703    91900
-373.4206043655634    3.661323605711947    92000
-373.6530889138695    3.6618512063384245    92100
-373.68067576995935    3.661592950900092    92200
-373.7143638055997    3.661821850633493    92300
-373.66390325254525    3.662721438628948    92400
-373.7530566195796    3.664190884357792    92500
-373.70176636786454    3.662285862703208    92600
-373.5836540641653    3.664436205685969    92700
-373.25552501174224    3.667698437832777    92800
-373.57587703888623    3.6667651324556934    92900
-373.33056230460477    3.669324390366022    93000
-373.5108242859154    3.672223229317007    93100
-373.40205023590664    3.669975948437066    93200
-373.4031870836791    3.668026845188755    93300
-373.4996082980543    3.6685654880572787    93400
-373.5856100514646    3.6663482880230345    93500
-373.4093508128825    3.662314155081405    93600
-373.69691361907576    3.659632153825756    93700
-373.78264673870945    3.658090170729973    93800
-373.8329765761878    3.6552517399753843    93900
-373.78389922470404    3.6548919697809317    94000
-373.8268686997983    3.6585130889444164    94100
-373.6863128636419    3.6532520450371795    94200
-373.85183292594735    3.657234755146329    94300
-373.7953218015823    3.659843198105674    94400
-373.7559346441122    3.656832304339091    94500
-373.7321911595086    3.6578771018537273    94600
-373.6899487190879    3.6526804735372576    94700
-373.41652849905    3.656617712094478    94800
-373.59337756453965    3.657980111633653    94900
-373.50993091288365    3.6597115020042725    95000
-373.54440276299954    3.660024798064396    95100
-373.53826610937415    3.663783094407681    95200
-373.8309017697524    3.6634227896527736    95300
-373.6396842783376    3.6634445974011123    95400
-373.78500812764594    3.6595177104470746    95500
-373.70203665821145    3.6566229082241053    95600
-373.8463378498696    3.6562777005954876    95700
-373.7830212855068    3.6560896753048926    95800
-373.4706051094534    3.6552145567764525    95900
-373.9141665179581    3.6560585372736294    96000
-373.80746767176174    3.656968957494548    96100
-373.78111765381135    3.6518192718073053    96200
-373.7824432560631    3.6543084742130714    96300
-373.69920588819747    3.6579027533046693    96400
-373.56903970758117    3.65597680087333    96500
-373.6291145150328    3.6602973208222966    96600
-373.7663765392216    3.6593790340790973    96700
-373.7871605656226    3.6571660774271595    96800
-373.5894810481035    3.659401050447734    96900
-373.2414183046147    3.662927941620367    97000
-373.66480468621575    3.6605739528727637    97100
-373.4536814935157    3.6626668565235523    97200
-373.2742943421305    3.661800411976764    97300
-373.71855012848414    3.660911329770528    97400
-373.63559318544003    3.659780813912599    97500
-373.774503787122    3.659750055670941    97600
-373.4429919584883    3.6551778185749755    97700
-373.44189898725    3.6546539386816224    97800
-373.4989948031536    3.654931049754162    97900
-373.30001636060985    3.650253972586859    98000
-373.6251501052619    3.6510092622147057    98100
-373.8489637377999    3.6512074910258945    98200
-373.70099209645923    3.6527285736703816    98300
-373.8101247402162    3.655631375056424    98400
-373.7552211963573    3.6572365266700206    98500
-373.7627296016422    3.6535518408572574    98600
-373.85843399279236    3.6533791582003956    98700
-373.981315270479    3.6545670873315492    98800
-373.90459995744624    3.656944347870813    98900
-373.85765930192883    3.6617397597618284    99000
-373.5427195996409    3.661671254635297    99100
-373.73666131899023    3.6616556199848023    99200
-373.5778282627632    3.658084654515639    99300
-373.39058000898564    3.6626600528349167    99400
-373.4975989059446    3.6658501004339223    99500
-373.70097368770644    3.664407637535818    99600
-373.64305966587955    3.6627627696800817    99700
-373.435233679463    3.6618821158752044    99800
-373.3547456012649    3.6665437803324017    99900