   -9.43930E-01       1.96101E+00       2.83434E+00 
   -2.04004E+00       2.18399E+00       1.98704E+00   
   -2.04004E+00       2.18399E+00       1.98704E+00 
   -2.03846E+00       2.83516E+00       7.62490E-01   
   -2.03846E+00       2.83516E+00       7.62490E-01 
   -7.61590E-01       3.47282E+00       5.25020E-01   
   -7.61590E-01       3.47282E+00       5.25020E-01 
    3.35030E-01       3.23671E+00       1.54746E+00   
    3.35030E-01       3.23671E+00       1.54746E+00 
    3.49980E-01       2.38165E+00       2.70530E+00   
    3.49980E-01       2.38165E+00       2.70530E+00 
   -9.43930E-01       1.96101E+00       2.83434E+00 


   -9.43930E-01       1.96101E+00       2.83434E+00 
    3.49980E-01       2.38165E+00       2.70530E+00   
    3.49980E-01       2.38165E+00       2.70530E+00 
    1.43407E+00       1.46984E+00       2.98055E+00   
    1.43407E+00       1.46984E+00       2.98055E+00 
    1.36744E+00       0.00000E+00       3.25148E+00   
    1.36744E+00       0.00000E+00       3.25148E+00 
    0.00000E+00       0.00000E+00       3.55822E+00   
    0.00000E+00       0.00000E+00       3.55822E+00 
   -1.13300E+00       7.37610E-01       3.40595E+00   
   -1.13300E+00       7.37610E-01       3.40595E+00 
   -9.43930E-01       1.96101E+00       2.83434E+00 


   -9.43930E-01       1.96101E+00       2.83434E+00 
   -1.13300E+00       7.37610E-01       3.40595E+00   
   -1.13300E+00       7.37610E-01       3.40595E+00 
   -2.24010E+00       1.43690E-01       2.83767E+00   
   -2.24010E+00       1.43690E-01       2.83767E+00 
   -2.81629E+00       1.06526E+00       1.98238E+00   
   -2.81629E+00       1.06526E+00       1.98238E+00 
   -2.04004E+00       2.18399E+00       1.98704E+00   
   -2.04004E+00       2.18399E+00       1.98704E+00 
   -9.43930E-01       1.96101E+00       2.83434E+00 


   -2.96108E+00       1.96621E+00      -1.21000E-03 
   -2.84817E+00       1.66633E+00      -1.39617E+00   
   -2.84817E+00       1.66633E+00      -1.39617E+00 
   -1.88929E+00       2.49166E+00      -1.85698E+00   
   -1.88929E+00       2.49166E+00      -1.85698E+00 
   -6.53970E-01       2.96254E+00      -1.94811E+00   
   -6.53970E-01       2.96254E+00      -1.94811E+00 
   -1.39770E-01       3.50577E+00      -7.80660E-01   
   -1.39770E-01       3.50577E+00      -7.80660E-01 
   -7.61590E-01       3.47282E+00       5.25020E-01   
   -7.61590E-01       3.47282E+00       5.25020E-01 
   -2.03846E+00       2.83516E+00       7.62490E-01   
   -2.03846E+00       2.83516E+00       7.62490E-01 
   -2.96108E+00       1.96621E+00      -1.21000E-03 


   -2.96108E+00       1.96621E+00      -1.21000E-03 
   -3.41048E+00       8.31060E-01       7.35390E-01   
   -3.41048E+00       8.31060E-01       7.35390E-01 
   -3.55175E+00      -4.90390E-01       3.03040E-01   
   -3.55175E+00      -4.90390E-01       3.03040E-01 
   -3.31983E+00      -7.01100E-01      -1.16912E+00   
   -3.31983E+00      -7.01100E-01      -1.16912E+00 
   -2.89982E+00       3.69250E-01      -2.06653E+00   
   -2.89982E+00       3.69250E-01      -2.06653E+00 
   -2.84817E+00       1.66633E+00      -1.39617E+00   
   -2.84817E+00       1.66633E+00      -1.39617E+00 
   -2.96108E+00       1.96621E+00      -1.21000E-03 


   -2.96108E+00       1.96621E+00      -1.21000E-03 
   -2.03846E+00       2.83516E+00       7.62490E-01   
   -2.03846E+00       2.83516E+00       7.62490E-01 
   -2.04004E+00       2.18399E+00       1.98704E+00   
   -2.04004E+00       2.18399E+00       1.98704E+00 
   -2.81629E+00       1.06526E+00       1.98238E+00   
   -2.81629E+00       1.06526E+00       1.98238E+00 
   -3.41048E+00       8.31060E-01       7.35390E-01   
   -3.41048E+00       8.31060E-01       7.35390E-01 
   -2.96108E+00       1.96621E+00      -1.21000E-03 


    2.56385E+00       1.50367E+00       2.09450E+00 
    2.98765E+00       1.45450E-01       1.95783E+00   
    2.98765E+00       1.45450E-01       1.95783E+00 
    2.32127E+00      -9.55740E-01       2.56749E+00   
    2.32127E+00      -9.55740E-01       2.56749E+00 
    1.36744E+00       0.00000E+00       3.25148E+00   
    1.36744E+00       0.00000E+00       3.25148E+00 
    1.43407E+00       1.46984E+00       2.98055E+00   
    1.43407E+00       1.46984E+00       2.98055E+00 
    2.56385E+00       1.50367E+00       2.09450E+00 


    2.56385E+00       1.50367E+00       2.09450E+00 
    1.43407E+00       1.46984E+00       2.98055E+00   
    1.43407E+00       1.46984E+00       2.98055E+00 
    3.49980E-01       2.38165E+00       2.70530E+00   
    3.49980E-01       2.38165E+00       2.70530E+00 
    3.35030E-01       3.23671E+00       1.54746E+00   
    3.35030E-01       3.23671E+00       1.54746E+00 
    1.56055E+00       3.15615E+00       8.34590E-01   
    1.56055E+00       3.15615E+00       8.34590E-01 
    2.63712E+00       2.29854E+00       9.42380E-01   
    2.63712E+00       2.29854E+00       9.42380E-01 
    2.56385E+00       1.50367E+00       2.09450E+00 


    2.56385E+00       1.50367E+00       2.09450E+00 
    2.63712E+00       2.29854E+00       9.42380E-01   
    2.63712E+00       2.29854E+00       9.42380E-01 
    3.07954E+00       1.87051E+00      -4.18860E-01   
    3.07954E+00       1.87051E+00      -4.18860E-01 
    3.48240E+00       4.10020E-01      -5.18780E-01   
    3.48240E+00       4.10020E-01      -5.18780E-01 
    3.51406E+00       3.95000E-03       7.66430E-01   
    3.51406E+00       3.95000E-03       7.66430E-01 
    2.98765E+00       1.45450E-01       1.95783E+00   
    2.98765E+00       1.45450E-01       1.95783E+00 
    2.56385E+00       1.50367E+00       2.09450E+00 


   -2.18800E-02      -2.58578E+00       2.50282E+00 
   -1.04793E+00      -2.99182E+00       1.70463E+00   
   -1.04793E+00      -2.99182E+00       1.70463E+00 
   -1.43321E+00      -3.27702E+00       4.27940E-01   
   -1.43321E+00      -3.27702E+00       4.27940E-01 
   -2.58801E+00      -2.49608E+00       1.65430E-01   
   -2.58801E+00      -2.49608E+00       1.65430E-01 
   -3.01748E+00      -1.50942E+00       1.24567E+00   
   -3.01748E+00      -1.50942E+00       1.24567E+00 
   -2.23122E+00      -1.23763E+00       2.51270E+00   
   -2.23122E+00      -1.23763E+00       2.51270E+00 
   -7.78650E-01      -1.39118E+00       3.20433E+00   
   -7.78650E-01      -1.39118E+00       3.20433E+00 
   -2.18800E-02      -2.58578E+00       2.50282E+00 


   -2.18800E-02      -2.58578E+00       2.50282E+00 
   -7.78650E-01      -1.39118E+00       3.20433E+00   
   -7.78650E-01      -1.39118E+00       3.20433E+00 
    0.00000E+00       0.00000E+00       3.55822E+00   
    0.00000E+00       0.00000E+00       3.55822E+00 
    1.36744E+00       0.00000E+00       3.25148E+00   
    1.36744E+00       0.00000E+00       3.25148E+00 
    2.32127E+00      -9.55740E-01       2.56749E+00   
    2.32127E+00      -9.55740E-01       2.56749E+00 
    2.40857E+00      -2.09316E+00       1.64501E+00   
    2.40857E+00      -2.09316E+00       1.64501E+00 
    1.18805E+00      -2.95044E+00       1.64776E+00   
    1.18805E+00      -2.95044E+00       1.64776E+00 
   -2.18800E-02      -2.58578E+00       2.50282E+00 


   -2.18800E-02      -2.58578E+00       2.50282E+00 
    1.18805E+00      -2.95044E+00       1.64776E+00   
    1.18805E+00      -2.95044E+00       1.64776E+00 
    1.02246E+00      -3.43503E+00       2.11280E-01   
    1.02246E+00      -3.43503E+00       2.11280E-01 
   -3.09480E-01      -3.53683E+00      -4.24130E-01   
   -3.09480E-01      -3.53683E+00      -4.24130E-01 
   -1.43321E+00      -3.27702E+00       4.27940E-01   
   -1.43321E+00      -3.27702E+00       4.27940E-01 
   -1.04793E+00      -2.99182E+00       1.70463E+00   
   -1.04793E+00      -2.99182E+00       1.70463E+00 
   -2.18800E-02      -2.58578E+00       2.50282E+00 


    1.17140E-01       2.16980E+00      -2.85822E+00 
   -5.07740E-01       9.58590E-01      -3.43059E+00   
   -5.07740E-01       9.58590E-01      -3.43059E+00 
    5.81230E-01       2.90000E-04      -3.54137E+00   
    5.81230E-01       2.90000E-04      -3.54137E+00 
    1.94726E+00       2.73000E-03      -3.04755E+00   
    1.94726E+00       2.73000E-03      -3.04755E+00 
    2.27141E+00       1.15485E+00      -2.54962E+00   
    2.27141E+00       1.15485E+00      -2.54962E+00 
    1.47366E+00       2.20992E+00      -2.41347E+00   
    1.47366E+00       2.20992E+00      -2.41347E+00 
    1.17140E-01       2.16980E+00      -2.85822E+00 


    1.17140E-01       2.16980E+00      -2.85822E+00 
   -6.53970E-01       2.96254E+00      -1.94811E+00   
   -6.53970E-01       2.96254E+00      -1.94811E+00 
   -1.88929E+00       2.49166E+00      -1.85698E+00   
   -1.88929E+00       2.49166E+00      -1.85698E+00 
   -2.84817E+00       1.66633E+00      -1.39617E+00   
   -2.84817E+00       1.66633E+00      -1.39617E+00 
   -2.89982E+00       3.69250E-01      -2.06653E+00   
   -2.89982E+00       3.69250E-01      -2.06653E+00 
   -1.83136E+00       1.85120E-01      -3.06843E+00   
   -1.83136E+00       1.85120E-01      -3.06843E+00 
   -5.07740E-01       9.58590E-01      -3.43059E+00   
   -5.07740E-01       9.58590E-01      -3.43059E+00 
    1.17140E-01       2.16980E+00      -2.85822E+00 


    1.17140E-01       2.16980E+00      -2.85822E+00 
    1.47366E+00       2.20992E+00      -2.41347E+00   
    1.47366E+00       2.20992E+00      -2.41347E+00 
    2.13114E+00       2.62730E+00      -1.19726E+00   
    2.13114E+00       2.62730E+00      -1.19726E+00 
    1.18603E+00       3.34350E+00      -5.13520E-01   
    1.18603E+00       3.34350E+00      -5.13520E-01 
   -1.39770E-01       3.50577E+00      -7.80660E-01   
   -1.39770E-01       3.50577E+00      -7.80660E-01 
   -6.53970E-01       2.96254E+00      -1.94811E+00   
   -6.53970E-01       2.96254E+00      -1.94811E+00 
    1.17140E-01       2.16980E+00      -2.85822E+00 


   -3.31983E+00      -7.01100E-01      -1.16912E+00 
   -2.71446E+00      -2.00162E+00      -1.17510E+00   
   -2.71446E+00      -2.00162E+00      -1.17510E+00 
   -1.73866E+00      -2.31434E+00      -2.12308E+00   
   -1.73866E+00      -2.31434E+00      -2.12308E+00 
   -1.41340E+00      -1.19827E+00      -3.05680E+00   
   -1.41340E+00      -1.19827E+00      -3.05680E+00 
   -1.83136E+00       1.85120E-01      -3.06843E+00   
   -1.83136E+00       1.85120E-01      -3.06843E+00 
   -2.89982E+00       3.69250E-01      -2.06653E+00   
   -2.89982E+00       3.69250E-01      -2.06653E+00 
   -3.31983E+00      -7.01100E-01      -1.16912E+00 


   -3.31983E+00      -7.01100E-01      -1.16912E+00 
   -3.55175E+00      -4.90390E-01       3.03040E-01   
   -3.55175E+00      -4.90390E-01       3.03040E-01 
   -3.01748E+00      -1.50942E+00       1.24567E+00   
   -3.01748E+00      -1.50942E+00       1.24567E+00 
   -2.58801E+00      -2.49608E+00       1.65430E-01   
   -2.58801E+00      -2.49608E+00       1.65430E-01 
   -2.71446E+00      -2.00162E+00      -1.17510E+00   
   -2.71446E+00      -2.00162E+00      -1.17510E+00 
   -3.31983E+00      -7.01100E-01      -1.16912E+00 


    2.96197E+00      -2.02075E+00       1.78110E-01 
    2.06015E+00      -2.86272E+00      -6.54480E-01   
    2.06015E+00      -2.86272E+00      -6.54480E-01 
    1.02246E+00      -3.43503E+00       2.11280E-01   
    1.02246E+00      -3.43503E+00       2.11280E-01 
    1.18805E+00      -2.95044E+00       1.64776E+00   
    1.18805E+00      -2.95044E+00       1.64776E+00 
    2.40857E+00      -2.09316E+00       1.64501E+00   
    2.40857E+00      -2.09316E+00       1.64501E+00 
    2.96197E+00      -2.02075E+00       1.78110E-01 


    2.96197E+00      -2.02075E+00       1.78110E-01 
    2.40857E+00      -2.09316E+00       1.64501E+00   
    2.40857E+00      -2.09316E+00       1.64501E+00 
    2.32127E+00      -9.55740E-01       2.56749E+00   
    2.32127E+00      -9.55740E-01       2.56749E+00 
    2.98765E+00       1.45450E-01       1.95783E+00   
    2.98765E+00       1.45450E-01       1.95783E+00 
    3.51406E+00       3.95000E-03       7.66430E-01   
    3.51406E+00       3.95000E-03       7.66430E-01 
    3.48240E+00       4.10020E-01      -5.18780E-01   
    3.48240E+00       4.10020E-01      -5.18780E-01 
    3.31736E+00      -1.02676E+00      -9.74530E-01   
    3.31736E+00      -1.02676E+00      -9.74530E-01 
    2.96197E+00      -2.02075E+00       1.78110E-01 


    2.96197E+00      -2.02075E+00       1.78110E-01 
    3.31736E+00      -1.02676E+00      -9.74530E-01   
    3.31736E+00      -1.02676E+00      -9.74530E-01 
    2.55396E+00      -1.11051E+00      -2.25725E+00   
    2.55396E+00      -1.11051E+00      -2.25725E+00 
    1.85560E+00      -2.36512E+00      -1.98152E+00   
    1.85560E+00      -2.36512E+00      -1.98152E+00 
    2.06015E+00      -2.86272E+00      -6.54480E-01   
    2.06015E+00      -2.86272E+00      -6.54480E-01 
    2.96197E+00      -2.02075E+00       1.78110E-01 


    3.07954E+00       1.87051E+00      -4.18860E-01 
    2.63712E+00       2.29854E+00       9.42380E-01   
    2.63712E+00       2.29854E+00       9.42380E-01 
    1.56055E+00       3.15615E+00       8.34590E-01   
    1.56055E+00       3.15615E+00       8.34590E-01 
    1.18603E+00       3.34350E+00      -5.13520E-01   
    1.18603E+00       3.34350E+00      -5.13520E-01 
    2.13114E+00       2.62730E+00      -1.19726E+00   
    2.13114E+00       2.62730E+00      -1.19726E+00 
    3.07954E+00       1.87051E+00      -4.18860E-01 


    3.07954E+00       1.87051E+00      -4.18860E-01 
    2.13114E+00       2.62730E+00      -1.19726E+00   
    2.13114E+00       2.62730E+00      -1.19726E+00 
    1.47366E+00       2.20992E+00      -2.41347E+00   
    1.47366E+00       2.20992E+00      -2.41347E+00 
    2.27141E+00       1.15485E+00      -2.54962E+00   
    2.27141E+00       1.15485E+00      -2.54962E+00 
    1.94726E+00       2.73000E-03      -3.04755E+00   
    1.94726E+00       2.73000E-03      -3.04755E+00 
    2.55396E+00      -1.11051E+00      -2.25725E+00   
    2.55396E+00      -1.11051E+00      -2.25725E+00 
    3.31736E+00      -1.02676E+00      -9.74530E-01   
    3.31736E+00      -1.02676E+00      -9.74530E-01 
    3.48240E+00       4.10020E-01      -5.18780E-01   
    3.48240E+00       4.10020E-01      -5.18780E-01 
    3.07954E+00       1.87051E+00      -4.18860E-01 


   -2.23122E+00      -1.23763E+00       2.51270E+00 
   -2.24010E+00       1.43690E-01       2.83767E+00   
   -2.24010E+00       1.43690E-01       2.83767E+00 
   -1.13300E+00       7.37610E-01       3.40595E+00   
   -1.13300E+00       7.37610E-01       3.40595E+00 
    0.00000E+00       0.00000E+00       3.55822E+00   
    0.00000E+00       0.00000E+00       3.55822E+00 
   -7.78650E-01      -1.39118E+00       3.20433E+00   
   -7.78650E-01      -1.39118E+00       3.20433E+00 
   -2.23122E+00      -1.23763E+00       2.51270E+00 


   -2.23122E+00      -1.23763E+00       2.51270E+00 
   -3.01748E+00      -1.50942E+00       1.24567E+00   
   -3.01748E+00      -1.50942E+00       1.24567E+00 
   -3.55175E+00      -4.90390E-01       3.03040E-01   
   -3.55175E+00      -4.90390E-01       3.03040E-01 
   -3.41048E+00       8.31060E-01       7.35390E-01   
   -3.41048E+00       8.31060E-01       7.35390E-01 
   -2.81629E+00       1.06526E+00       1.98238E+00   
   -2.81629E+00       1.06526E+00       1.98238E+00 
   -2.24010E+00       1.43690E-01       2.83767E+00   
   -2.24010E+00       1.43690E-01       2.83767E+00 
   -2.23122E+00      -1.23763E+00       2.51270E+00 


    5.81230E-01       2.90000E-04      -3.54137E+00 
   -5.01000E-03      -1.28517E+00      -3.34770E+00   
   -5.01000E-03      -1.28517E+00      -3.34770E+00 
    5.39430E-01      -2.39259E+00      -2.62106E+00   
    5.39430E-01      -2.39259E+00      -2.62106E+00 
    1.85560E+00      -2.36512E+00      -1.98152E+00   
    1.85560E+00      -2.36512E+00      -1.98152E+00 
    2.55396E+00      -1.11051E+00      -2.25725E+00   
    2.55396E+00      -1.11051E+00      -2.25725E+00 
    1.94726E+00       2.73000E-03      -3.04755E+00   
    1.94726E+00       2.73000E-03      -3.04755E+00 
    5.81230E-01       2.90000E-04      -3.54137E+00 


    5.81230E-01       2.90000E-04      -3.54137E+00 
   -5.07740E-01       9.58590E-01      -3.43059E+00   
   -5.07740E-01       9.58590E-01      -3.43059E+00 
   -1.83136E+00       1.85120E-01      -3.06843E+00   
   -1.83136E+00       1.85120E-01      -3.06843E+00 
   -1.41340E+00      -1.19827E+00      -3.05680E+00   
   -1.41340E+00      -1.19827E+00      -3.05680E+00 
   -5.01000E-03      -1.28517E+00      -3.34770E+00   
   -5.01000E-03      -1.28517E+00      -3.34770E+00 
    5.81230E-01       2.90000E-04      -3.54137E+00 


    1.56055E+00       3.15615E+00       8.34590E-01 
    3.35030E-01       3.23671E+00       1.54746E+00   
    3.35030E-01       3.23671E+00       1.54746E+00 
   -7.61590E-01       3.47282E+00       5.25020E-01   
   -7.61590E-01       3.47282E+00       5.25020E-01 
   -1.39770E-01       3.50577E+00      -7.80660E-01   
   -1.39770E-01       3.50577E+00      -7.80660E-01 
    1.18603E+00       3.34350E+00      -5.13520E-01   
    1.18603E+00       3.34350E+00      -5.13520E-01 
    1.56055E+00       3.15615E+00       8.34590E-01 


   -1.41340E+00      -1.19827E+00      -3.05680E+00 
   -1.73866E+00      -2.31434E+00      -2.12308E+00   
   -1.73866E+00      -2.31434E+00      -2.12308E+00 
   -4.69450E-01      -3.05655E+00      -1.82778E+00   
   -4.69450E-01      -3.05655E+00      -1.82778E+00 
    5.39430E-01      -2.39259E+00      -2.62106E+00   
    5.39430E-01      -2.39259E+00      -2.62106E+00 
   -5.01000E-03      -1.28517E+00      -3.34770E+00   
   -5.01000E-03      -1.28517E+00      -3.34770E+00 
   -1.41340E+00      -1.19827E+00      -3.05680E+00 


   -2.58801E+00      -2.49608E+00       1.65430E-01 
   -1.43321E+00      -3.27702E+00       4.27940E-01   
   -1.43321E+00      -3.27702E+00       4.27940E-01 
   -3.09480E-01      -3.53683E+00      -4.24130E-01   
   -3.09480E-01      -3.53683E+00      -4.24130E-01 
   -4.69450E-01      -3.05655E+00      -1.82778E+00   
   -4.69450E-01      -3.05655E+00      -1.82778E+00 
   -1.73866E+00      -2.31434E+00      -2.12308E+00   
   -1.73866E+00      -2.31434E+00      -2.12308E+00 
   -2.71446E+00      -2.00162E+00      -1.17510E+00   
   -2.71446E+00      -2.00162E+00      -1.17510E+00 
   -2.58801E+00      -2.49608E+00       1.65430E-01 


   -3.09480E-01      -3.53683E+00      -4.24130E-01 
    1.02246E+00      -3.43503E+00       2.11280E-01   
    1.02246E+00      -3.43503E+00       2.11280E-01 
    2.06015E+00      -2.86272E+00      -6.54480E-01   
    2.06015E+00      -2.86272E+00      -6.54480E-01 
    1.85560E+00      -2.36512E+00      -1.98152E+00   
    1.85560E+00      -2.36512E+00      -1.98152E+00 
    5.39430E-01      -2.39259E+00      -2.62106E+00   
    5.39430E-01      -2.39259E+00      -2.62106E+00 
   -4.69450E-01      -3.05655E+00      -1.82778E+00   
   -4.69450E-01      -3.05655E+00      -1.82778E+00 
   -3.09480E-01      -3.53683E+00      -4.24130E-01 


