0     -6.597023310220744
1     -6.6272304428570346
2     -6.532001199360425
3     -6.604620846932258
4     -6.6071525869541095
5     -6.609826624416896
6     -6.502081876257147
7     -6.706901443935843
8     -6.645084660187621
9     -6.692455652939682
10    -6.6641074332673345
11    -6.751897338228505
12    -6.631588376819753
13    -6.773992465326263
14    -6.793293658076174
15    -6.756744803201505
16    -6.798862504684438
17    -6.776167396050422
18    -6.69682719742613 
19    -6.815818094266765
20    -6.760110436211334
21    -6.7563753303588605
22    -6.859696487717463
23    -6.808324340810712
24    -6.80695114523643 
25    -6.8299437436048995
26    -6.747472405935978
27    -6.8412419768837545
28    -6.856422418323831
29    -6.909683961636037
30    -6.818391991823054

